70.0
817.0
69.0
1778.0
460.0
1785.0
100.0
399.0
396.0
385.0
399.0
81.0
796.0
76.0
239.0
469.0
74.0
81.0
421.0
1744.0
409.0
256.0
78.0
67.0
135.0
81.0
68.0
830.0
394.0
-8.0
247.0
78.0
406.0
2194.0
2578.0
72.0
404.0
66.0
406.0
404.0
332.0
1874.0
-8.0
70.0
405.0
154.0
78.0
75.0
820.0
-8.0
352.0
405.0
1874.0
390.0
81.0
46.0
2194.0
397.0
405.0
797.0
67.0
67.0
-2.0
74.0
386.0
1945.0
138.0
376.0
2616.0
44.0
396.0
421.0
63.0
786.0
389.0
392.0
401.0
472.0
80.0
66.0
701.0
386.0
388.0
409.0
75.0
410.0
401.0
64.0
78.0
379.0
677.0
468.0
113.0
271.0
64.0
2138.0
2194.0
2838.0
419.0
166.0
678.0
696.0
172.0
469.0
81.0
421.0
407.0
467.0
400.0
406.0
76.0
402.0
425.0
594.0
702.0
382.0
389.0
81.0
409.0
828.0
79.0
81.0
69.0
81.0
78.0
50.0
74.0
417.0
451.0
70.0
78.0
74.0
80.0
75.0
403.0
3524.0
408.0
3419.0
814.0
395.0
74.0
269.0
81.0
818.0
379.0
70.0
398.0
75.0
81.0
77.0
380.0
402.0
77.0
408.0
63.0
81.0
391.0
78.0
77.0
422.0
400.0
78.0
58.0
155.0
64.0
469.0
0.0
391.0
416.0
404.0
3529.0
406.0
363.0
3528.0
80.0
408.0
413.0
692.0
-8.0
28.0
440.0
539.0
686.0
409.0
463.0
65.0
138.0
407.0
167.0
408.0
138.0
81.0
295.0
461.0
697.0
89.0
385.0
81.0
398.0
399.0
473.0
81.0
67.0
79.0
81.0
-8.0
668.0
432.0
138.0
170.0
81.0
436.0
45.0
415.0
3658.0
81.0
3418.0
394.0
353.0
405.0
262.0
474.0
831.0
405.0
697.0
362.0
81.0
415.0
467.0
72.0
74.0
833.0
78.0
830.0
408.0
409.0
841.0
417.0
407.0
2621.0
389.0
404.0
81.0
833.0
-8.0
825.0
76.0
699.0
75.0
70.0
81.0
410.0
829.0
409.0
127.0
81.0
81.0
392.0
73.0
1778.0
81.0
70.0
3142.0
695.0
433.0
4809.0
427.0
78.0
409.0
145.0
77.0
81.0
62.0
17.0
408.0
80.0
169.0
81.0
473.0
399.0
409.0
403.0
102.0
469.0
81.0
0.0
392.0
0.0
43.0
406.0
66.0
80.0
568.0
462.0
406.0
68.0
476.0
686.0
81.0
410.0
